1056311
3075474
3863911
7696921
12405063
19614780
21877620
24270826
28462152
29543912
30383286
38454165
41940831
44037314
45093810
46429676
48246389
48697161
54418813
54419595
55580168
56071080
60369459
61627956
63404517
64413874
64576784
65525117
66263378
69010029
70531885
70833721
77032906
77450834
82358126
84272436
84583586
87123457
88361915
88576343
90236639
90380553
91201101
94503690
96040991
96488957
98596498
99726999
100688197
104131903
104522472
106517615
107345832
110939411
111001562
111131934
120484954
120919011
124044084
127515453
132033543
133619606
134302097
138426559
143100343
144414259
145475361
145916889
145917012
152231849
153497692
155391066
159770268
161332305
164170118
166430703
169038053
169413581
172236318
172854940
173450643
174881409
175109600
176165911
176188133
178934212
179221225
181438094
181807124
191261855
191584513
197509622
200213920
203557813
206322481
207481542
211052305
214583761
215244027
216399349
216477440
218066288
221484164
222682172
224084493
224162717
224589105
225933397
226069256
230940383
237769472
239228174
243991416
246849683
250522684
250644260
251396179
253065458
253579802
255639529
257773941
257891658
263367035
264142902
265591906
270118444
271063684
271807844
277817724
282200495
285268060
285399444
286347813
286695891
286846734
287359820
288015777
290024945
298925803
299330260
309771917
315802568
317381568
318018491
318647807
320053404
320229547
325385661
326091819
328776510
329374859
330431170
332403864
334635598
335885426
340842728
342058709
343432930
344137769
344530735
344878516
351678170
351728951
354154644
354846044
357202969
358077446
359374152
360013835
360014299
360998095
363335710
364519213
367201659
369107160
370023409
372006563
376251154
377979531
381558728
382573905
385179603
387384088
387817445
388819286
389255650
390001322
393575190
396604157
397698243
398169089
403194404
405809416
407817745
408283033
408892493
410211343
410285103
410942452
412678817
416579067
418724406
420384608
420410968
421448795
425798540
428117507
431218251
432714112
432949866
439921888
440538358
440734277
441565147
441786555
444582566
450015636
454143832
456163849
458376516
459495833
462236640
466111375
469511506
471694683
473808150
474713116
477327413
479244404
481431686
481437535
483479731
483943071
485295598
486026795
486840797
487805259
489000802
489963127
493262979
493705839
495342149
496314742
499630005
503145892
505381451
505935348
506597082
507371527
510039148
512243708
512731793
515166735
515564886
515583459
517900382
518285491
518968370
522267057
525183421
527924093
528343435
531906448
532025455
533340033
537647877
538762352
541560002
542473311
545959037
546396254
548974522
549593586
549663262
551492160
553444657
555590879
556041503
556805587
557161038
559744018
561450361
564110619
567639109
568155610
569981611
572712394
574345888
577007613
581031505
583658497
588447874
589404966
598293823
598682435
600603549
601976422
604244781
606364283
611631279
613523734
614185755
614610844
617686318
619880775
620930737
621252041
627044420
627566052
628425403
629741987
630373997
638615617
639371287
641701778
642597640
643129661
643627707
643864828
644675521
646622397
656108363
659413663
669613578
670090200
671763092
672880134
673450066
675050030
675333044
676641340
677234866
678366494
680473092
680829030
687541704
688378350
689353540
689813890
690436216
693388781
699533377
701727137
701961830
702323041
704590782
705594408
708389885
710174472
717424974
721978744
722307724
722353919
723766161
727385093
729888664
729947592
737447591
740773121
746999873
747033985
747882483
749073983
751790474
753808048
755430355
756153012
757341334
759010378
760292933
762477839
763111874
764314887
771174891
771954324
772120938
775869506
783223808
784195054
785269272
786953893
790835333
794762184
796281176
800110855
800908195
805132225
805330552
810248632
811549862
812342504
812405775
818082851
818565655
819385885
819456803
819907704
821182785
825538441
826790410
828414087
830922574
831223068
833017997
836358216
837511290
837527374
840338359
841372706
842161335
842915311
845739588
851165888
852821874
853309754
855395726
859431853
859716093
865289432
866448953
870470384
875306794
876271051
877003171
878330911
879889206
883752089
885738001
885848036
888150579
889222886
891476305
892611898
892714185
894483831
896613206
898679541
904903118
906145769
911477064
913375346
919290537
920734461
923159272
926223398
926835445
930060913
931483542
932654676
937400466
938506347
940546609
941930576
942564532
943641699
945303339
945927599
946576679
949086014
952558862
953499770
956731883
956744087
958176267
960621497
963705452
964844090
966011845
966427405
967057232
970498037
972099652
973899442
974544977
974646056
980332169
981261866
981567876
981948325
988792998
990866327
992097188
995265628
996631598
997448733
1001277497
1002192901
1003108208
1003668668
1010481107
1014220315
1015078074
1015215652
1018779575
1019716031
1023013948
1026203012
1028586987
1028759885
1029919657
1031101997
1033893437
1034619987
1037604157
1039569243
1040029815
1040920396
1054750557
1060400487
1061601222
1063188768
1063224489
1063950716
1064399475
1066026787
1066446508
1066734194
1068313210
1072648777
1073680797
1078561477
1080059168
1081277725
1083383407
1083790023
1090383978
1090475167
1091204963
1093484431
1096532699
1099477772
1099627658
1103120075
1103889478
1108045861
1108838855
1109902935
1111201413
1112267557
1112344294
1113615948
1118567615
1118834510
1120998486
1123058334
1124051522
1124386029
1127163706
1130785172
1130828996
1133241535
1135310358
1137414378
1137993086
1145045964
1145681377
1153599444
1155097294
1156901108
1158713121
1165143273
1165872174
1166223644
1167628893
1168811128
1176772823
1179397010
1181740035
1181951552
1184094298
1184467444
1184468379
1185253045
1185717298
1188903844
1189981442
1191808076
1192260902
1193643132
1194925167
1195767556
1197386981
1199465559
1208454476
1212651206
1212692761
1220231886
1221131424
1222697194
1224059723
1225453616
1226917752
1227358255
1228626467
1238359431
1238858713
1238906676
1245056616
1245531075
1248011818
1252927264
1254497666
1255326066
1255358571
1262981874
1264821121
1268401331
1268861436
1270250235
1273626867
1273743869
1276075105
1289781859
1290994054
1293408377
1297156402
1303015851
1303539295
1305075032
1305170054
1305424027
1312008387
1315981530
1316171416
1319938429
1321121804
1323665948
1324703547
1329084161
1330690130
1331213952
1334149950
1335761888
1340150001
1341923691
1347067004
1356018979
1361533167
1364707959
1365932958
1369930287
1374331802
1381319857
1384464999
1388631418
1389787447
1391225123
1391626973
1392445415
1392596427
1394268745
1396772021
1398971550
1399078184
1400056293
1400995048
1401019455
1402217583
1404513826
1404582481
1408176784
1410386699
1411789906
1412087374
1412902244
1414547565
1414718579
1415299781
1416702537
1426271987
1427024882
1427835441
1429398086
1431088082
1436484206
1438566318
1443033836
1450747392
1451079382
1452828032
1454073371
1455423901
1457600058
1457966120
1458820387
1458867336
1459634562
1460737250
1467303906
1468514138
1471382536
1473051304
1473961703
1474228005
1474280039
1479100548
1480331691
1480740898
1482264902
1491532917
1492485824
1495351241
1500720854
1501060991
1501431844
1502136336
1503194100
1504725968
1506507066
1506535728
1515314156
1517025543
1517357228
1517691032
1520126624
1520310447
1521954798
1522312978
1525183403
1527567285
1527709677
1531357257
1532517318
1534993975
1538503500
1538650780
1542705463
1543121782
1544258942
1545396994
1545483510
1547184411
1550004035
1555643930
1559913796
1560811238
1564292337
1567897983
1569033654
1571747348
1573378124
1573641848
1574034521
1577760076
1579535580
1582332307
1582550660
1585380127
1586110288
1588009246
1591877673
1595815966
1596398994
1603523579
1605036745
1605530536
1606075115
1607295779
1607578606
1610705281
1612367538
1613699682
1615339901
1616010556
1617634913
1619710819
1620805211
1622527725
1627088711
1628157477
1629779662
1630401922
1631120400
1636268657
1638773632
1640589332
1640664998
1640768713
1646362789
1648676248
1650623125
1653306091
1657461348
1658981715
1659637155
1663932393
1665190464
1672638867
1675714341
1688270615
1689105003
1694799005
1696897931
1698421048
1699252667
1699645254
1704128881
1705210253
1707131295
1708516716
1709478168
1712290643
1712659090
1713877825
1714890294
1717021508
1717037021
1717588033
1722900923
1723356388
1723890126
1724114016
1724695706
1726472682
1726560069
1726764834
1727190590
1728069733
1729773964
1732177675
1734102874
1739031806
1745809309
1752146038
1757217917
1757480980
1761346874
1765739299
1766275309
1766990066
1773853052
1779784072
1784582129
1784685474
1784735667
1785014406
1786787363
1790003923
1791475737
1792345808
1792915193
1796378941
1800392427
1800597122
1800647751
1801379436
1801846225
1804845610
1806763479
1809189626
1809623148
1811997825
1812646811
1812737898
1813648910
1816189949
1819739194
1825816381
1828504627
1832248528
1835697268
1838792934
1851359152
1853398766
1857203020
1858164668
1858637449
1860318047
1865796169
1866450099
1866506064
1867462679
1867653945
1868130249
1868558343
1868929953
1870877998
1871026279
1872574489
1873217509
1873223301
1876356491
1877451213
1884141407
1889514524
1899570180
1908820988
1909947410
1915421006
1917411097
1917674846
1920280854
1924619150
1926168157
1927399213
1927465446
1930793658
1932656555
1935544052
1940030774
1940455289
1945277316
1952104108
1952154226
1953198439
1955204823
1956370655
1957779259
1958037042
1958165753
1958475937
1962033334
1969270933
1973188850
1973535638
1973775834
1976059383
1977179474
1982002319
1985056354
1985609529
1987801300
1988947820
1988970966
1994665434
1994678809
1996168651
1997313761
1997315089
1999860651
2000053904
2002549559
2006758418
2009391085
2009703810
2011182740
2011493939
2011632065
2013348281
2016435014
2016908300
2025635084
2034603993
2039036524
2042535354
2044292994
2044903258
2046398957
2047702129
2048083275
2049429256
2050217428
2055217035
2056358811
2057849221
2061471550
2061531555
2062676413
2065371271
2067820912
2069697130
2071377353
2072393122
2073465678
2076257456
2078641307
2079105957
2080511220
2081675928
2083940209
2085067520
2086763103
2087440872
2087885804
2089370562
2094648352
2108307775
2108545231
2111173833
2112095836
2112359117
2113360313
2114276978
2121558520
2121863316
2124145048
2124153287
2127479179
2130373089
2130484508
2131995569
2133063522
2134595211
2135363592
2135365176
2137333215
2139798371
2141616913
2145634744
2146827691
